
##Colours to input showing positions of the tokens- randomly made using colours_creation, and then will be inputed the same each time for each participant, so everyone sees the same thing...

array <int> colours_toinput [4][50][100];
colours_toinput=
{
{
{1,0,0,0,0,1,0,1,0,0,1,1,0,1,0,1,0,0,0,1,0,0,1,1,0,0,1,1,0,1,1,0,0,0,0,0,0,0,0,0,1,0,0,1,1,1,0,1,1,0,0,1,1,1,1,1,0,0,1,0,0,1,0,0,1,0,1,0,0,1,1,0,1,0,1,1,0,0,0,1,1,1,1,1,1,1,0,1,1,1,1,1,1,1,1,0,1,0,1,1},
{0,0,1,0,0,0,0,0,0,0,0,0,0,0,0,0,0,0,0,1,0,0,0,0,0,0,0,0,0,0,0,0,0,0,0,0,0,0,0,0,0,1,0,0,0,0,0,0,0,0,0,0,0,0,0,0,1,0,1,0,0,0,0,0,0,0,0,0,0,0,0,0,1,0,0,0,0,0,0,0,0,0,0,0,0,0,0,0,0,1,0,1,0,0,0,0,0,1,0,0},
{0,1,0,1,0,1,1,1,1,1,0,1,1,1,1,1,0,1,1,0,1,1,1,1,1,1,0,1,0,1,1,0,0,1,0,1,1,1,0,0,0,1,1,1,1,0,0,1,1,1,0,0,1,0,0,0,0,0,1,0,0,0,0,0,1,0,0,1,0,0,0,1,0,0,0,0,1,0,0,0,0,0,0,0,0,1,0,0,0,0,0,0,0,0,0,0,0,0,0,1},
{0,0,0,1,0,0,0,0,1,0,0,0,1,0,0,0,0,0,0,0,0,0,0,0,0,1,0,0,0,0,0,0,0,0,0,0,0,0,0,1,0,0,0,0,0,1,0,0,0,0,1,1,0,1,1,1,1,1,1,1,0,1,1,1,1,0,1,1,1,0,1,1,1,1,0,1,1,1,1,1,1,1,1,1,1,1,1,0,1,1,1,0,0,1,1,1,1,1,1,1},
{0,0,0,0,0,0,0,0,0,0,0,0,0,0,0,0,0,0,0,0,1,0,0,0,0,0,0,0,0,0,0,0,0,0,0,0,0,0,0,1,1,0,0,0,0,0,0,0,0,0,1,1,1,1,1,0,1,0,1,0,1,0,1,1,1,1,1,0,1,0,1,1,1,0,1,1,0,1,1,1,1,1,1,1,0,1,1,1,1,1,0,0,1,0,1,1,1,1,1,1},
{0,1,0,0,0,0,1,0,0,1,0,0,0,1,1,0,0,0,0,0,0,0,0,0,0,1,0,1,0,0,0,0,0,1,1,0,0,0,1,1,0,1,0,0,0,0,0,0,0,1,0,0,1,1,0,1,1,0,0,0,0,1,1,0,0,0,0,1,0,0,0,1,1,0,0,0,1,0,1,1,1,0,0,1,0,0,0,0,1,0,0,1,0,0,1,1,0,1,0,0},
{1,1,0,1,1,0,0,1,0,1,1,0,1,1,1,0,1,0,0,0,1,1,0,1,1,1,1,1,0,1,0,1,1,0,0,1,1,0,1,1,1,1,1,0,1,1,0,0,1,1,0,0,0,0,0,0,0,0,1,0,1,0,0,0,0,0,0,0,0,0,0,0,0,0,0,0,0,0,0,0,0,0,0,0,0,0,1,0,0,0,0,0,0,0,0,0,0,0,0,1},
{0,0,1,0,0,0,0,0,1,1,0,1,0,0,1,1,1,1,1,0,1,1,1,0,0,1,0,0,1,1,1,1,1,0,1,0,0,0,1,0,0,1,0,1,1,1,1,0,1,1,1,1,0,1,0,0,1,1,0,0,1,0,1,1,1,1,0,1,1,0,0,1,1,0,1,1,1,0,1,1,1,1,1,0,0,1,1,1,1,0,0,1,1,1,1,0,1,1,1,1},
{1,0,1,1,0,0,1,0,1,1,0,1,0,0,0,1,1,0,0,0,1,1,1,0,1,0,0,1,0,0,0,0,0,0,0,0,1,0,0,1,1,0,0,0,0,0,0,0,1,0,1,0,0,0,0,0,0,0,0,1,0,0,0,0,0,0,0,0,0,0,0,0,0,0,1,0,0,0,0,0,0,0,0,0,0,0,0,0,0,0,0,0,0,0,1,0,0,0,0,0},
{1,1,1,1,0,0,0,1,1,0,0,0,1,0,1,1,0,0,1,1,1,1,1,0,0,1,1,0,1,1,0,0,1,1,1,0,1,1,0,0,1,0,0,1,0,0,1,1,1,0,0,1,1,1,0,1,1,1,1,0,1,1,0,0,1,1,1,1,1,1,1,0,0,0,1,1,1,1,1,1,1,0,0,1,1,0,1,1,1,1,1,1,1,1,0,0,1,1,1,1},
{0,1,1,1,1,1,1,0,0,0,1,0,1,0,1,1,0,0,1,1,1,0,1,1,0,1,0,0,0,0,1,0,0,0,0,1,0,1,0,1,0,0,1,1,1,0,0,0,1,0,0,1,1,1,0,0,0,1,0,0,1,0,1,0,1,0,0,0,0,0,0,0,0,0,0,0,1,0,1,1,0,0,0,0,1,0,0,0,0,0,0,0,1,0,0,0,0,0,0,0},
{1,1,1,1,1,1,1,1,1,1,1,0,1,0,0,0,1,1,1,0,1,0,1,1,0,1,1,1,0,1,0,1,0,1,0,1,0,1,0,1,1,0,1,1,1,1,0,0,1,1,0,0,0,0,0,0,0,1,0,0,1,0,0,0,0,0,0,0,0,0,0,0,0,0,1,0,0,1,0,1,0,1,0,0,0,0,1,1,0,0,0,0,0,0,0,0,1,0,0,0},
{0,0,0,0,1,1,0,0,1,1,0,0,1,0,0,1,0,0,0,1,1,1,1,1,1,1,0,0,0,0,1,1,1,1,0,0,0,0,1,0,1,1,1,0,1,0,0,1,1,0,0,0,0,0,0,0,0,0,0,0,0,0,0,0,0,0,0,0,0,0,0,0,0,0,0,0,0,0,0,0,0,0,0,0,0,1,0,0,0,0,0,0,0,0,0,0,0,0,1,0},
{1,0,1,0,0,0,0,0,1,1,1,1,1,1,1,0,0,1,0,1,0,0,1,0,0,0,0,0,0,0,0,0,1,0,1,1,0,0,0,0,0,1,1,1,1,1,1,1,1,1,0,0,1,0,1,1,0,0,0,0,1,0,1,0,1,0,1,0,1,1,0,0,0,1,1,0,0,1,1,1,1,0,1,0,0,0,1,1,1,1,0,0,0,1,1,1,1,1,1,1},
{1,0,0,0,0,1,0,0,0,0,0,1,0,1,0,1,0,1,1,1,1,0,1,1,1,0,0,0,0,1,0,1,0,1,1,0,1,1,1,0,1,0,1,0,0,1,1,0,1,0,1,1,1,1,1,0,1,0,0,1,0,0,1,1,1,1,1,0,0,0,0,0,0,0,1,1,1,0,0,1,0,0,0,0,0,0,1,0,0,0,0,0,0,0,0,0,0,0,1,0},
{1,1,1,1,1,0,1,0,1,1,0,1,1,1,1,1,1,1,1,1,1,1,1,1,1,1,0,0,1,1,1,1,1,1,0,1,1,0,1,1,1,0,1,0,1,1,1,1,1,0,1,1,1,0,1,1,1,1,1,1,1,1,1,1,0,1,1,0,1,0,0,1,0,1,1,1,1,1,1,0,1,1,0,0,0,1,1,1,0,0,1,1,0,1,1,1,1,1,1,1},
{0,1,1,1,0,0,1,1,1,1,0,0,1,1,0,1,0,0,1,1,1,0,1,0,0,0,1,1,1,1,1,0,1,1,1,0,1,0,1,0,0,1,0,1,1,1,1,1,1,1,0,1,0,0,0,1,0,0,0,0,1,1,1,1,1,0,1,0,0,1,0,0,0,0,0,0,0,0,0,0,0,0,0,1,0,0,1,1,1,1,0,0,1,1,0,1,0,0,0,0},
{0,1,1,1,0,0,0,0,0,1,0,0,0,1,1,0,0,1,0,0,0,0,1,0,0,1,1,0,1,0,0,1,0,0,1,0,0,0,0,1,0,0,0,0,1,1,0,0,0,0,1,1,1,1,1,1,1,0,0,1,1,0,1,0,0,1,1,1,0,1,1,0,1,1,1,1,0,1,1,1,0,0,1,1,1,1,1,1,1,1,1,1,1,1,1,1,0,1,1,1},
{0,0,0,0,0,1,0,0,0,0,0,0,0,0,1,0,0,0,1,0,0,0,0,0,0,0,0,0,0,0,1,0,0,0,0,0,0,0,0,0,0,0,0,0,1,0,0,0,0,1,0,0,0,1,0,0,0,0,0,1,0,1,1,1,0,0,0,0,0,0,0,0,0,0,0,1,0,0,0,0,1,0,1,0,0,0,0,0,0,1,0,1,0,1,0,1,0,0,0,0},
{0,0,0,0,0,0,0,0,0,0,0,0,0,0,0,0,0,0,0,0,0,0,0,0,0,0,1,0,0,0,0,0,0,0,0,0,1,0,1,0,0,1,0,0,0,0,0,0,0,0,1,0,0,0,0,0,0,1,0,1,0,0,0,0,0,0,0,0,0,0,0,0,0,0,0,0,0,1,0,0,0,1,1,0,0,0,0,0,1,0,1,0,0,0,0,0,0,0,0,0},
{1,0,1,1,1,1,1,1,1,1,1,1,1,1,1,1,1,0,0,1,1,1,1,1,1,0,0,0,1,1,1,1,1,0,1,1,1,1,1,1,1,1,1,1,0,1,1,1,1,1,0,0,0,0,0,0,0,0,0,0,0,0,0,0,0,0,0,0,0,0,0,1,0,0,1,0,0,0,0,1,0,0,0,0,1,0,1,0,0,0,0,0,0,0,0,0,0,0,1,0},
{0,1,0,1,0,1,1,1,0,0,1,1,1,1,0,1,0,1,1,1,1,1,1,0,0,0,0,1,1,0,0,0,1,0,1,1,1,0,1,1,1,1,1,1,0,1,1,1,0,1,0,1,1,0,0,0,1,1,0,1,0,1,1,1,1,0,1,0,0,1,1,0,0,0,0,1,0,0,1,0,0,1,0,1,0,1,0,1,0,0,0,0,1,0,0,0,1,0,0,0},
{0,0,0,1,0,0,1,1,0,1,1,0,0,1,0,1,1,1,0,1,0,1,0,1,0,0,0,1,0,1,0,1,0,0,1,0,1,1,1,1,0,1,0,1,1,0,1,1,0,1,1,0,1,0,1,0,0,0,1,1,1,1,1,0,1,1,1,1,1,1,1,1,1,1,1,1,1,0,1,1,0,1,1,0,0,1,1,0,1,1,1,0,1,1,1,0,1,1,1,1},
{1,1,1,1,1,1,1,1,1,0,1,1,1,1,0,1,1,0,0,0,1,0,1,0,1,1,1,1,0,1,0,1,1,1,1,1,0,1,1,1,1,1,1,1,1,1,1,1,1,0,0,0,0,0,0,1,0,0,0,0,0,0,0,1,0,1,0,1,1,0,1,0,1,0,1,0,0,0,1,1,0,1,1,1,0,0,0,0,1,1,0,0,0,0,0,1,0,0,0,0},
{1,1,0,1,0,0,0,0,0,0,0,1,1,0,0,1,0,0,1,0,0,0,0,1,0,0,0,0,1,0,1,0,1,0,0,0,0,1,1,1,0,0,1,0,0,1,0,0,0,0,0,0,0,1,1,1,0,0,1,0,0,0,0,0,0,0,0,1,0,0,1,0,0,1,1,1,0,1,0,1,0,0,0,0,1,1,0,1,0,0,1,0,0,0,0,0,1,1,1,0},
{0,1,0,1,0,0,0,1,1,0,0,1,1,1,1,0,1,1,1,1,1,1,1,1,1,1,0,1,1,1,1,0,1,0,1,1,0,0,0,0,1,1,1,0,0,1,1,0,1,1,0,0,1,1,0,0,0,0,0,1,1,0,1,1,1,1,0,1,1,0,1,1,1,1,1,1,0,1,0,1,1,1,0,1,0,1,0,0,1,1,0,1,1,1,1,1,0,0,1,0},
{1,0,0,0,1,0,0,0,0,0,0,0,0,0,0,0,1,0,0,0,0,0,1,0,0,0,0,0,0,0,1,0,0,0,1,0,0,0,0,0,0,1,0,0,0,0,1,0,0,0,1,1,1,1,0,1,1,1,1,1,0,1,0,1,1,1,1,1,1,0,1,1,0,1,1,1,0,1,1,1,1,1,1,1,0,1,1,1,0,1,1,0,1,1,1,0,1,0,1,1},
{0,0,0,0,0,1,0,0,0,0,0,0,0,0,1,0,1,0,0,0,0,1,0,0,0,1,0,1,1,0,0,1,0,0,1,1,0,0,0,0,0,0,0,1,0,1,0,0,0,0,1,0,0,0,1,0,0,0,1,0,0,0,0,0,0,0,0,1,0,1,0,0,0,1,1,0,0,1,1,1,0,1,1,1,0,0,0,0,0,1,0,0,0,0,0,1,0,0,0,1},
{0,0,1,1,0,1,0,1,0,0,0,1,1,1,0,0,0,0,0,1,1,1,1,0,0,0,0,0,0,1,0,1,0,0,1,1,0,0,0,0,0,0,0,1,0,0,0,0,0,0,0,0,0,0,0,0,0,0,0,1,1,0,0,0,0,1,0,0,0,0,0,0,1,0,0,0,0,0,0,1,0,0,0,0,0,1,0,1,1,0,0,0,0,0,0,0,0,0,0,0},
{0,1,0,0,0,0,0,0,0,0,1,0,1,1,0,1,1,0,0,0,0,0,0,1,0,0,0,0,0,1,0,0,1,1,0,1,1,0,1,0,1,0,0,1,0,0,0,1,0,0,0,0,0,0,0,1,0,0,1,1,0,1,1,1,1,1,0,0,0,1,1,0,1,1,0,0,0,1,0,0,1,0,0,0,0,1,1,1,0,0,0,0,1,0,1,1,1,0,1,0},
{1,0,1,1,0,0,0,1,0,0,1,1,0,0,0,1,0,0,0,0,0,0,1,0,0,0,0,0,0,1,0,0,1,0,0,1,0,1,1,1,1,1,0,1,1,0,0,0,0,1,0,1,0,0,1,1,0,1,1,1,0,1,1,0,1,1,1,0,1,1,1,1,0,1,1,1,1,0,0,1,1,0,1,0,1,1,1,1,1,1,1,0,1,1,1,1,0,1,1,1},
{1,0,0,0,0,0,0,0,0,0,1,1,1,1,1,1,0,0,0,0,0,0,1,1,1,1,1,0,1,1,0,0,0,1,1,1,1,1,1,0,0,0,1,1,0,1,1,1,0,0,1,0,0,1,0,0,1,1,0,0,1,0,1,1,0,0,0,0,1,1,1,1,1,1,0,1,0,1,0,0,1,0,0,1,1,1,0,0,0,0,1,1,1,0,0,0,0,1,1,1},
{0,0,0,0,0,0,1,1,1,1,1,0,0,1,0,0,0,1,1,1,1,0,1,0,0,1,1,0,0,1,1,1,0,1,0,0,1,0,0,0,1,0,0,0,1,0,0,0,1,1,0,0,0,1,0,1,0,1,0,1,1,0,1,1,0,0,0,1,0,0,0,1,0,0,0,1,1,1,1,1,1,1,1,1,0,0,0,1,1,0,1,1,1,0,1,1,0,0,1,0},
{1,0,0,0,0,0,0,1,1,0,0,0,0,1,1,0,0,0,0,0,0,1,0,0,1,1,0,0,0,1,0,0,0,0,0,0,0,1,0,0,0,1,1,0,0,0,0,1,0,0,1,0,1,1,0,1,0,0,0,1,0,0,1,0,0,1,1,1,1,1,0,1,1,1,0,0,1,0,1,0,1,1,0,1,1,1,1,0,1,1,1,1,1,0,1,1,1,1,1,0},
{1,1,1,1,1,1,1,0,1,0,0,1,1,1,0,0,0,1,0,1,0,0,0,1,1,1,1,0,0,1,1,1,1,1,1,1,1,1,1,1,1,0,0,0,0,0,0,1,0,0,1,1,1,1,1,0,0,1,0,0,0,0,1,0,0,0,1,0,0,0,1,0,0,1,0,0,0,1,0,0,0,0,0,1,0,0,1,0,0,0,0,0,0,0,0,0,0,0,0,0},
{1,1,0,1,0,0,1,0,1,0,0,0,1,0,0,1,1,1,1,0,0,1,1,1,0,0,1,0,0,1,1,0,0,1,0,0,0,0,0,0,0,1,1,1,0,1,1,0,0,0,1,1,1,1,1,1,1,1,1,1,1,1,1,1,1,0,1,1,1,1,1,1,0,1,1,0,1,1,1,1,1,1,1,1,1,1,1,1,1,1,1,1,1,1,0,1,1,1,1,1},
{0,0,0,0,0,0,0,0,0,0,0,0,0,0,0,1,1,0,0,0,0,0,0,0,0,0,1,0,0,0,0,0,0,0,0,0,0,0,0,0,0,0,0,0,0,0,0,0,0,1,1,1,0,0,0,1,0,1,0,1,0,0,0,0,0,1,0,0,1,0,1,0,1,0,1,0,1,0,1,0,0,1,1,0,0,1,0,0,0,0,0,0,1,1,1,0,0,0,0,0},
{1,1,1,0,1,1,0,0,0,0,0,1,0,1,0,1,1,0,0,1,1,1,1,1,0,0,1,1,0,0,0,0,0,0,1,0,0,1,0,0,0,1,0,1,0,1,1,0,1,1,0,0,0,0,0,0,1,0,0,0,0,0,0,0,0,0,0,0,0,0,0,0,0,0,0,0,1,0,0,0,0,1,0,0,0,0,0,0,0,0,0,0,1,0,0,0,0,0,0,0},
{1,1,1,1,1,1,1,0,1,1,1,1,1,1,1,1,1,1,1,1,0,1,1,1,0,0,1,1,1,1,1,1,1,1,1,1,1,0,1,1,1,1,0,0,1,1,1,0,0,1,1,1,1,1,1,1,1,1,0,1,1,0,1,1,1,1,1,0,1,1,1,1,0,1,0,1,1,1,1,1,1,1,1,1,0,1,0,1,1,1,0,1,1,0,1,1,1,1,1,1},
{0,1,0,0,1,0,0,0,0,0,0,1,0,0,1,1,0,0,0,1,0,0,0,1,0,0,1,0,0,0,0,0,0,0,1,0,1,0,0,0,0,0,0,1,0,0,1,0,0,1,0,0,1,0,0,0,0,1,0,1,1,0,0,1,0,1,0,1,0,0,1,1,1,1,1,0,1,0,1,0,1,0,1,0,0,0,0,0,0,0,0,1,0,0,0,1,1,0,0,1},
{0,1,1,0,0,0,1,0,1,0,1,0,1,0,1,1,0,0,1,0,0,1,1,0,1,1,1,1,1,1,0,0,0,0,0,0,0,1,1,1,1,0,1,0,0,1,1,0,1,1,0,0,0,0,0,1,0,0,0,1,0,0,0,0,0,0,1,0,0,0,0,0,1,0,0,1,0,0,0,0,0,0,0,0,0,0,0,0,0,0,0,0,0,0,0,0,0,0,0,1},
{0,0,0,0,1,1,0,1,0,1,0,1,0,1,0,0,0,0,0,0,0,1,1,1,1,1,1,0,0,1,0,0,0,0,0,0,1,0,1,0,0,0,0,1,0,1,0,0,0,1,1,0,1,0,1,0,1,0,0,0,0,0,0,0,0,0,0,0,1,1,0,0,1,1,1,0,1,1,0,1,1,1,1,1,0,1,1,1,0,1,0,1,1,0,1,1,0,0,1,1},
{1,0,0,0,0,0,0,0,0,0,0,0,1,0,0,0,0,0,0,0,0,0,0,1,0,0,0,0,0,1,0,0,0,0,0,1,0,1,0,0,0,0,0,0,0,0,0,0,0,0,0,1,0,1,1,1,0,0,1,1,1,1,1,0,1,1,0,1,1,0,1,1,0,1,1,1,1,1,1,1,0,0,1,1,1,1,1,0,1,1,1,1,1,1,0,0,1,1,1,1},
{1,0,0,0,1,1,1,0,0,0,0,0,1,1,1,1,0,0,1,1,0,1,0,1,0,0,0,0,0,1,1,1,1,0,0,1,1,0,0,0,1,1,0,0,1,0,1,1,0,1,0,0,0,1,0,0,1,0,0,0,0,0,0,0,0,0,0,0,0,0,1,0,0,0,1,0,0,0,1,1,0,0,0,0,0,1,1,0,0,0,1,0,0,0,0,0,0,1,0,0},
{1,1,1,1,1,1,1,1,1,1,1,1,1,1,1,1,1,1,1,1,1,1,1,0,1,1,1,1,1,0,1,0,1,1,1,1,1,1,1,1,1,1,1,1,1,1,1,1,1,1,0,1,0,0,1,0,1,0,0,1,1,1,0,0,0,0,0,1,0,0,0,1,1,0,0,0,0,1,0,0,0,0,1,0,0,0,0,0,0,1,0,0,0,0,0,0,1,0,0,0},
{0,0,1,0,0,1,0,1,0,0,1,0,1,1,1,1,1,0,1,0,1,0,1,0,1,1,1,0,1,1,1,0,0,0,1,0,1,1,1,0,0,0,0,0,0,0,0,0,0,0,0,1,0,0,1,0,0,1,0,0,0,0,1,0,1,1,0,0,0,0,1,1,0,1,0,1,1,1,1,0,1,0,0,0,0,0,1,1,1,0,1,0,0,1,0,0,0,0,0,1},
{0,0,1,0,0,0,1,0,0,1,0,0,0,0,0,1,0,0,0,1,1,0,0,1,0,0,1,0,0,0,1,1,1,0,0,0,0,1,0,1,0,0,0,0,1,0,1,1,0,0,1,0,1,1,1,1,1,0,1,1,1,1,1,1,1,1,1,1,0,1,1,0,1,1,1,0,1,0,1,1,1,1,0,1,1,1,1,1,1,1,1,0,0,1,0,1,1,1,1,0},
{1,1,1,0,0,1,1,1,0,1,1,1,1,1,1,0,1,1,1,0,0,1,0,0,0,0,1,0,1,1,0,0,0,1,0,0,1,0,0,0,0,0,1,1,0,0,1,0,1,1,0,1,0,1,0,0,1,0,0,0,0,1,0,1,1,0,0,0,0,1,0,0,1,1,0,1,1,0,0,1,1,0,0,1,0,0,1,0,1,0,0,0,1,0,1,0,0,0,1,0},
{0,1,1,1,1,1,1,1,1,1,1,1,0,1,1,1,1,1,1,1,1,1,1,0,0,1,1,1,1,1,1,1,1,1,1,1,1,1,1,0,1,0,1,1,0,1,1,0,1,1,0,0,1,0,0,0,1,1,0,1,1,0,0,0,0,0,0,1,1,0,0,0,0,0,0,0,1,1,1,1,0,1,0,1,0,0,1,0,0,0,1,1,0,0,1,0,0,0,1,0},
{1,1,1,0,0,1,1,1,0,0,1,0,1,0,0,0,1,1,1,0,0,1,1,0,1,1,0,1,1,0,1,1,0,0,0,0,0,0,1,0,0,1,1,1,0,1,0,1,1,1,1,1,0,0,1,1,1,0,1,1,1,0,0,1,1,1,0,0,1,0,1,1,1,1,1,1,1,0,1,1,0,0,1,1,1,1,1,0,1,1,1,1,1,1,1,1,0,0,0,1}

},
{
{1,1,1,1,0,1,1,1,1,1,1,1,1,1,1,1,1,1,1,1,1,0,1,1,1,0,0,1,1,0,0,1,1,1,0,0,1,1,1,1,0,1,1,1,0,1,1,1,1,1,0,0,0,1,0,0,0,1,0,0,0,0,0,0,0,0,0,0,1,0,1,0,1,0,0,0,0,0,0,1,0,0,0,0,1,0,1,0,0,0,0,0,0,0,0,0,0,1,0,0},
{0,0,0,0,0,0,0,1,0,0,0,0,1,0,0,0,1,1,1,0,1,1,0,1,0,0,0,0,0,0,0,0,0,0,0,0,0,0,0,0,0,0,0,0,0,0,1,0,0,1,0,1,0,0,1,1,1,0,1,0,0,0,0,1,0,0,0,0,0,1,1,0,0,1,0,0,0,0,0,0,0,0,0,1,1,0,0,0,0,0,0,0,0,0,0,0,0,0,0,1},
{0,1,0,0,1,1,0,0,0,1,1,1,0,0,1,0,0,0,0,1,0,1,1,1,1,1,0,1,1,1,0,0,0,1,0,0,0,1,1,0,0,1,1,0,0,0,1,1,0,1,0,1,1,0,0,0,0,0,1,0,1,0,1,1,1,1,1,1,0,1,1,0,0,0,0,0,1,1,1,0,0,0,1,1,1,0,0,0,1,1,1,1,1,1,0,1,1,1,0,0},
{0,1,0,1,1,0,1,0,1,0,0,1,0,1,1,0,1,1,0,1,1,0,0,0,0,1,1,0,1,1,1,1,0,1,1,1,0,1,1,1,1,0,1,1,0,1,0,1,1,1,0,1,1,0,1,0,0,0,0,0,0,0,1,0,0,1,1,1,1,0,0,0,1,0,0,0,1,0,1,0,0,0,0,0,0,0,0,0,0,0,1,1,1,1,1,1,0,0,1,0},
{0,1,0,1,0,1,1,1,0,0,0,1,1,0,0,0,0,0,0,0,0,1,0,1,0,1,1,1,0,1,0,1,1,1,0,0,0,0,0,1,0,0,0,1,1,0,1,0,1,1,1,1,0,1,1,0,1,1,1,1,0,0,0,1,0,0,0,1,1,1,0,1,0,1,1,0,1,0,1,1,1,1,1,0,0,0,1,0,0,1,1,0,1,1,0,1,1,1,0,1},
{0,0,0,0,0,0,0,1,0,0,0,0,0,0,1,0,0,1,0,0,0,0,0,0,0,0,0,0,0,1,0,0,0,0,0,1,0,0,0,0,0,0,0,0,0,0,0,0,0,0,0,1,1,1,1,1,1,1,1,0,0,1,0,0,1,0,0,0,1,1,0,1,1,0,1,0,1,1,1,1,0,1,1,1,0,1,1,1,1,1,1,0,0,1,0,1,1,1,1,1},
{0,0,0,1,1,1,0,0,1,1,1,0,1,0,0,0,1,1,1,1,0,0,0,1,0,1,0,1,1,0,1,0,1,0,1,1,0,0,0,1,1,1,1,1,0,0,1,1,0,1,0,0,0,0,0,0,0,0,0,0,0,0,0,0,0,0,0,0,0,0,0,0,1,0,0,0,0,1,0,0,0,0,0,1,0,0,0,0,1,0,0,0,0,0,0,0,0,1,0,0},
{0,1,1,1,1,1,1,1,1,1,1,1,0,1,1,1,1,1,1,1,1,1,0,1,0,1,1,1,0,0,0,0,1,1,0,1,1,1,1,1,1,1,1,0,0,1,0,1,0,1,1,1,0,1,1,0,1,0,1,1,1,1,1,1,0,1,1,0,0,1,0,1,0,0,1,0,0,1,0,1,1,1,1,1,1,1,1,1,0,1,0,1,1,1,1,0,1,0,0,0},
{0,0,1,0,0,0,0,0,0,0,1,0,0,0,1,0,0,0,0,0,0,0,0,0,1,0,0,0,1,1,1,1,0,0,0,1,0,1,0,0,0,1,1,0,1,0,0,0,0,0,0,0,0,1,1,0,0,0,1,0,0,0,0,0,0,0,0,0,1,0,0,0,0,0,0,1,0,0,0,0,0,0,0,0,0,0,1,0,0,0,0,0,0,0,0,0,0,0,0,0},
{1,0,1,1,1,0,0,0,0,1,1,0,0,1,0,1,0,0,1,0,1,1,0,1,0,0,1,0,0,0,1,1,1,0,0,0,0,0,1,1,1,0,0,0,1,1,0,0,0,1,1,0,0,1,0,0,1,0,0,1,0,0,0,1,0,1,1,0,1,1,0,0,1,0,1,0,0,1,0,1,1,1,1,1,0,0,0,1,0,1,1,0,0,0,1,1,1,1,1,1},
{0,0,0,0,0,0,0,0,0,1,0,0,0,0,0,0,0,0,0,0,0,0,0,0,0,0,1,0,0,0,0,1,0,0,0,0,1,0,0,0,1,0,0,0,0,0,0,0,0,0,0,0,1,0,1,0,1,0,0,0,0,0,0,0,0,1,1,0,0,0,0,0,0,0,1,1,0,0,0,0,0,0,1,0,0,0,0,1,1,1,0,0,0,1,0,0,0,0,0,1},
{0,1,0,1,1,0,0,0,1,0,1,1,1,1,1,0,0,1,0,1,1,0,1,0,0,0,0,1,1,0,1,1,1,0,1,0,1,1,0,1,0,1,1,0,1,0,1,1,0,0,1,1,0,0,0,1,1,0,1,1,0,0,1,1,0,0,0,0,0,1,1,1,1,0,1,1,1,0,1,1,1,1,1,0,1,0,1,1,0,0,0,0,0,1,0,1,0,0,1,1},
{1,0,0,0,0,1,0,0,1,0,0,0,0,0,0,0,0,0,0,1,0,0,0,1,0,0,0,0,1,0,1,0,1,0,1,0,0,0,0,0,1,0,1,0,0,0,0,0,0,0,0,0,0,0,1,0,0,0,0,0,0,0,0,0,0,0,0,0,0,0,0,0,0,0,1,0,0,0,0,0,0,0,0,0,0,0,0,0,0,0,0,0,0,0,0,0,0,0,0,0},
{0,1,1,0,1,1,1,1,1,1,1,1,1,1,1,1,1,1,1,1,0,0,1,0,1,0,1,1,1,1,1,1,1,1,1,1,0,1,1,0,0,0,1,1,1,1,0,1,0,0,1,0,1,0,0,0,1,0,0,0,0,1,1,0,0,1,1,0,1,0,1,0,1,1,0,1,1,1,0,1,1,0,0,0,0,1,1,1,1,1,1,1,1,0,1,0,1,1,1,0},
{1,1,1,1,1,1,1,0,0,0,1,1,1,1,1,0,1,0,1,1,0,1,1,1,0,1,1,1,1,1,0,0,1,1,0,1,0,0,0,1,1,1,0,1,1,1,1,0,0,1,1,1,0,0,0,1,1,0,0,0,0,0,0,0,1,1,1,1,1,0,0,1,1,0,1,1,1,1,0,1,1,1,1,1,0,0,0,0,0,0,1,0,0,0,1,0,0,1,0,1},
{1,1,1,0,1,1,1,1,1,1,1,1,1,1,1,1,1,1,1,1,1,1,1,1,0,1,1,1,1,0,1,1,1,1,0,1,1,1,1,1,0,0,1,1,1,1,1,1,0,0,1,0,0,0,0,0,0,0,0,0,1,0,0,0,0,0,0,1,0,0,0,0,0,0,0,0,0,0,0,0,0,0,0,0,0,0,0,0,0,1,0,0,0,1,0,1,0,0,0,0},
{1,0,1,1,0,0,0,0,0,1,1,0,0,0,0,0,0,0,0,0,1,0,1,0,1,0,0,1,0,0,0,0,1,0,0,0,0,1,1,1,1,0,1,0,0,0,1,0,0,0,0,0,0,0,0,0,1,0,0,0,0,0,0,0,0,0,0,0,0,0,0,0,0,0,0,0,0,0,0,0,0,1,0,0,0,0,0,0,0,0,0,0,0,0,0,0,0,0,0,0},
{0,0,1,1,1,1,1,1,1,1,1,1,1,1,1,1,1,0,0,1,1,1,1,0,1,1,0,1,1,1,1,1,1,1,1,0,0,1,1,1,0,0,1,1,1,1,0,1,0,1,1,0,1,0,1,0,1,0,1,1,1,0,0,1,0,1,1,0,1,0,0,1,0,0,1,1,0,0,1,1,0,0,1,1,1,0,0,1,0,1,0,1,0,1,1,0,0,0,1,1},
{0,1,0,0,0,0,0,1,0,0,0,0,0,0,0,0,0,0,0,0,0,0,0,0,0,0,0,0,0,0,0,0,0,0,1,0,0,0,0,0,0,0,0,0,0,0,0,0,0,1,1,1,1,1,1,1,1,1,1,1,1,1,1,1,1,1,0,1,0,1,1,1,1,1,1,1,1,1,1,1,1,1,1,1,1,1,1,1,1,1,1,1,1,1,1,1,1,1,1,1},
{0,1,0,0,1,1,1,1,1,0,1,1,1,1,1,1,1,1,1,1,1,1,0,0,0,0,1,1,0,1,0,0,0,1,1,1,1,0,1,1,1,1,0,0,0,1,1,0,0,1,0,0,0,1,0,1,0,1,0,1,1,1,1,1,0,0,0,0,0,1,1,0,0,0,1,0,1,0,0,1,0,0,1,0,0,0,0,1,0,1,0,0,0,0,0,0,0,0,1,0},
{1,0,1,0,0,0,0,1,1,1,1,1,1,0,0,1,1,1,0,0,1,0,0,1,1,1,1,0,1,0,1,1,0,1,0,1,1,0,0,1,1,1,1,0,1,0,1,1,0,1,1,0,1,1,1,1,1,1,0,0,1,0,1,1,1,1,1,0,0,0,0,1,0,0,0,1,1,1,1,1,1,1,1,1,1,1,1,1,1,1,0,1,1,1,1,1,0,1,1,0},
{0,0,0,0,1,0,0,0,0,1,1,1,1,0,1,1,0,0,0,0,1,0,1,0,1,0,1,0,0,1,0,0,0,0,0,0,1,1,0,0,0,0,0,0,0,0,0,1,0,1,1,1,1,1,0,1,1,0,0,1,1,1,1,1,1,1,1,0,1,1,1,1,0,1,1,1,1,0,1,0,1,1,1,0,0,1,1,1,1,1,1,0,1,0,0,1,1,1,1,1},
{1,1,1,0,1,0,1,0,0,0,0,1,0,1,1,1,0,1,0,1,0,0,0,1,1,1,0,0,1,0,0,1,0,1,1,1,1,1,1,1,1,1,0,1,1,1,1,1,1,1,0,0,0,1,0,0,1,0,0,0,0,0,0,1,0,1,0,1,0,0,0,0,0,0,0,0,0,0,0,0,0,0,0,0,1,0,0,0,0,1,1,0,0,0,0,0,0,0,0,0},
{0,0,0,0,0,0,0,0,0,0,0,1,0,0,0,0,0,1,0,1,0,0,1,0,0,0,1,1,0,0,0,0,0,0,0,0,0,0,0,0,1,1,0,0,0,0,1,1,1,1,0,0,0,0,0,0,0,0,1,1,0,0,0,0,0,0,1,0,0,0,0,0,0,0,0,1,1,0,0,0,0,0,0,0,0,0,0,0,0,0,0,1,1,0,1,0,0,0,0,0},
{0,1,1,0,0,1,1,0,1,0,0,0,0,0,1,0,0,0,0,1,0,1,0,1,0,0,0,1,0,0,0,0,0,1,1,0,0,0,0,0,1,0,0,1,1,1,1,1,0,0,1,1,1,0,0,1,0,0,1,1,1,0,0,0,0,1,0,1,0,0,1,1,1,1,1,1,1,0,1,0,0,1,0,0,1,1,0,1,0,0,1,1,1,1,1,0,1,0,0,0},
{0,0,1,0,0,0,1,0,0,1,1,0,0,1,1,1,1,0,0,1,1,1,0,0,0,0,0,1,0,0,0,1,1,1,1,1,1,1,1,1,1,1,1,1,0,1,0,0,1,0,0,0,1,0,1,0,1,0,0,0,0,0,0,0,0,0,0,0,0,1,0,0,1,0,0,0,0,0,1,0,0,1,0,0,1,0,0,1,0,0,0,1,0,0,0,1,1,0,0,1},
{0,1,0,1,0,0,0,0,0,0,0,0,0,0,1,0,0,0,1,0,1,0,0,0,0,0,0,0,1,0,0,0,1,0,0,0,0,0,1,1,1,0,1,0,0,1,0,1,0,0,1,1,1,1,1,1,1,1,0,0,1,1,1,1,1,1,1,1,1,1,0,1,0,1,1,1,1,0,1,0,1,1,1,1,1,0,0,1,1,1,1,0,1,1,1,0,1,0,1,0},
{0,0,1,0,0,1,1,1,0,1,0,0,1,1,1,0,1,1,1,1,1,1,1,0,0,1,1,1,1,0,1,0,0,1,0,0,1,0,1,1,0,1,1,0,1,1,1,0,1,0,1,0,0,0,1,1,0,0,1,1,1,1,0,0,0,0,0,0,1,0,1,1,0,1,0,1,1,1,0,0,1,1,1,1,0,0,0,1,0,1,1,0,1,1,0,0,0,1,1,1},
{0,0,0,0,0,0,1,0,1,0,0,1,0,0,0,0,1,0,0,0,0,0,1,1,0,0,1,0,1,0,1,0,0,0,0,0,1,1,0,1,1,1,0,0,1,0,1,1,0,0,1,1,0,1,1,1,0,1,1,0,1,1,1,1,1,1,1,0,1,0,0,0,1,1,1,1,0,1,0,1,1,1,1,1,1,1,0,0,1,0,1,1,1,1,1,0,1,1,1,0},
{0,0,0,0,0,0,0,0,0,0,0,0,0,0,0,0,0,0,1,0,0,0,0,0,0,0,1,0,0,0,0,0,0,0,0,0,0,0,0,0,0,0,0,0,0,0,0,0,0,1,0,0,0,0,0,1,1,0,0,1,0,0,1,0,0,1,0,0,0,1,0,1,0,0,0,1,1,0,0,0,0,0,0,0,0,1,0,1,1,1,0,1,0,0,1,1,0,0,1,0},
{0,0,0,1,1,0,0,0,0,0,1,1,1,1,0,0,0,1,1,0,0,0,1,0,1,0,0,0,0,0,1,0,0,0,0,0,0,0,0,0,1,0,0,0,0,0,0,0,0,0,0,0,0,0,0,0,1,0,0,0,0,0,1,0,0,0,0,0,0,0,0,0,1,0,0,0,0,0,0,0,0,0,0,0,0,0,0,0,0,0,0,0,0,0,0,0,1,0,0,0},
{1,1,0,0,0,0,0,1,1,1,1,0,0,1,0,0,1,0,1,1,0,0,0,1,0,1,1,1,1,1,0,0,0,0,1,1,0,1,0,1,0,1,1,0,1,1,1,1,1,0,1,0,0,1,0,1,0,1,0,0,0,0,0,1,1,1,1,1,0,1,0,0,1,0,0,0,1,1,0,1,0,1,1,1,0,0,1,1,1,1,0,1,0,0,1,1,1,1,0,1},
{1,1,1,0,1,1,1,1,1,1,1,1,1,1,1,0,1,1,1,1,1,0,1,1,1,1,1,1,1,1,1,1,1,1,1,1,1,1,1,1,1,1,1,0,1,1,1,1,1,1,1,0,0,1,1,0,1,1,1,1,1,1,0,1,1,0,0,0,1,1,1,1,0,0,0,1,1,0,0,0,0,0,1,1,0,0,1,1,1,0,0,0,0,0,0,0,1,1,0,0},
{1,1,1,1,1,1,1,1,1,1,1,1,1,1,1,1,1,1,1,1,1,1,1,0,0,0,1,1,1,1,1,1,1,1,1,1,1,1,1,1,1,1,0,1,1,1,1,1,1,1,1,0,1,1,1,0,1,1,0,0,1,1,1,0,0,1,1,0,1,0,1,0,1,1,0,1,0,0,1,0,0,0,0,0,0,0,0,1,0,1,0,1,0,1,0,1,0,0,0,0},
{0,1,1,0,1,0,1,0,1,1,1,1,1,1,1,0,1,1,1,1,1,1,1,0,1,1,1,0,1,1,0,0,1,1,0,1,0,1,1,1,0,1,0,1,1,0,1,1,1,0,0,0,1,0,0,0,0,0,0,0,0,0,0,0,0,0,0,0,0,0,0,0,1,0,1,0,1,0,0,0,0,0,0,0,0,0,0,0,0,0,1,0,0,0,0,0,0,1,0,0},
{0,1,1,0,0,1,0,0,0,0,0,0,0,0,0,1,0,1,0,0,1,0,1,1,0,0,0,1,0,1,1,0,0,0,0,0,0,0,0,0,1,0,0,0,0,0,0,0,1,0,1,0,1,1,1,1,0,1,0,1,1,1,1,0,1,1,1,0,0,0,0,1,1,1,0,1,1,0,1,1,0,0,0,0,0,0,1,0,1,1,0,1,0,1,1,0,0,0,1,0},
{0,1,0,1,0,1,1,0,0,0,1,0,0,1,0,0,0,0,0,0,0,0,0,0,1,0,1,0,0,1,0,0,0,1,0,0,0,1,1,0,1,1,0,1,0,0,1,0,0,0,0,0,1,0,0,0,1,1,0,1,1,0,1,0,1,1,0,0,1,0,0,0,1,0,0,1,0,0,1,0,0,1,0,0,0,0,1,0,0,0,0,0,0,0,0,1,1,0,1,1},
{0,0,0,0,0,0,0,0,0,0,1,0,0,0,1,0,0,1,0,0,1,0,0,0,1,0,0,0,0,0,1,1,0,0,1,0,1,0,0,0,0,0,0,0,1,0,0,0,0,0,1,0,0,0,1,0,0,0,0,0,0,1,0,1,1,0,0,1,0,0,1,0,1,0,1,0,0,0,0,0,0,1,0,0,0,0,0,1,0,0,0,0,1,0,0,0,0,1,0,0},
{0,1,1,0,0,0,0,0,0,0,0,0,0,0,0,0,0,0,1,0,0,0,0,0,0,0,0,0,0,0,0,0,0,0,0,0,0,0,0,0,0,0,0,1,0,0,0,0,0,0,0,0,1,0,1,0,1,1,1,1,0,0,1,1,1,0,0,0,1,0,0,0,0,1,0,0,0,1,1,0,0,0,0,1,0,1,0,1,1,1,0,1,1,1,1,1,0,0,0,1},
{0,1,0,1,1,0,1,1,1,0,0,0,1,1,0,1,1,0,1,0,0,0,1,1,1,0,1,1,1,1,1,1,0,1,0,1,0,0,0,0,1,0,0,0,0,0,0,0,0,1,0,0,1,0,0,0,0,1,0,1,0,0,0,0,0,1,0,0,0,1,0,0,1,0,1,0,1,1,1,0,1,0,1,0,0,0,0,0,0,0,0,0,0,1,0,1,0,1,0,1},
{1,1,0,0,0,0,0,1,1,1,0,0,1,0,0,0,0,1,0,1,1,1,1,1,0,0,0,0,0,0,1,1,1,1,0,1,0,1,1,0,0,0,0,1,1,1,0,0,0,0,0,0,0,0,0,0,0,0,1,1,0,0,0,1,0,0,0,1,1,0,1,1,0,0,0,0,0,0,0,0,0,0,1,0,0,0,0,1,0,1,0,0,0,1,0,0,1,0,0,0},
{0,0,1,0,0,0,0,1,0,0,0,0,0,0,0,0,0,0,0,0,0,0,0,0,0,1,0,0,0,0,0,0,1,0,0,0,0,0,0,0,0,0,0,0,0,0,0,0,0,0,0,0,0,0,0,0,0,0,0,0,0,0,0,0,0,0,0,0,1,0,0,0,0,0,0,1,0,0,0,1,0,0,0,0,0,0,0,1,0,1,0,0,1,0,0,0,0,0,0,0},
{0,0,0,0,0,0,1,0,0,1,0,0,0,0,0,0,0,1,1,0,0,0,0,0,0,0,1,1,0,0,0,0,1,0,0,0,0,1,0,0,0,0,0,0,0,0,0,0,0,0,0,0,0,0,0,0,0,1,0,0,0,1,1,0,0,1,1,1,1,1,0,1,0,0,0,0,0,1,0,0,1,1,0,1,0,0,0,0,0,0,0,0,0,0,1,1,0,0,0,1},
{0,0,0,0,0,0,0,1,1,1,1,1,0,1,0,0,1,1,0,1,0,1,0,1,0,1,1,0,1,0,1,0,0,0,1,0,0,1,1,1,1,0,0,1,1,1,1,0,1,1,1,1,1,0,0,1,1,1,1,1,1,0,1,0,0,0,0,0,1,1,0,1,1,1,1,0,1,1,0,1,1,0,0,0,0,1,0,1,0,1,1,0,0,1,0,0,1,1,0,0},
{0,0,0,0,0,0,0,0,1,1,1,0,1,1,1,0,1,1,1,1,0,1,0,0,1,1,0,1,1,1,1,1,1,0,1,0,1,0,0,0,0,1,1,1,0,1,1,0,1,1,0,0,0,0,0,0,0,0,0,0,0,0,0,0,0,0,0,0,0,0,0,1,0,0,0,0,0,0,0,1,0,0,0,0,0,1,1,1,1,0,0,0,0,0,0,0,0,0,0,0},
{0,0,0,0,0,1,0,0,0,0,0,0,1,0,0,0,0,0,0,0,0,0,0,0,0,0,0,0,0,0,0,1,0,0,0,0,0,0,1,0,0,0,1,1,1,0,0,0,0,1,0,0,0,0,0,1,0,0,0,0,1,0,1,0,0,0,0,0,0,1,0,0,1,1,0,0,1,1,0,0,0,0,1,0,0,1,0,0,1,0,1,0,0,0,1,0,0,0,0,0},
{1,1,1,1,0,1,0,0,1,1,0,0,1,0,0,1,0,1,0,1,1,0,1,0,0,0,0,0,1,0,1,0,1,0,0,0,1,1,0,1,1,0,0,0,0,0,0,1,0,0,1,0,0,0,0,0,1,1,0,0,0,1,1,1,0,0,0,1,0,1,0,0,0,1,0,1,0,1,1,1,0,0,0,0,0,0,1,0,1,1,1,0,1,1,1,1,0,0,0,0},
{0,0,0,0,0,0,0,0,0,0,0,0,1,0,1,0,1,0,0,0,1,0,0,0,0,0,0,0,0,0,0,0,0,0,0,0,0,0,0,0,0,0,0,1,1,0,0,0,0,0,1,0,0,0,1,0,0,0,0,1,0,1,0,0,0,0,0,1,1,1,1,0,0,1,0,0,0,0,0,0,0,0,0,0,1,0,1,0,0,0,0,1,0,0,1,0,0,1,0,1},
{0,0,1,0,0,1,1,0,1,0,1,0,0,0,1,1,1,0,1,1,1,0,0,1,0,1,0,1,1,1,0,0,1,1,0,0,1,0,1,1,0,1,1,0,1,1,1,1,1,0,1,0,1,1,1,1,0,1,1,1,0,1,1,1,1,1,1,1,1,1,0,1,1,0,0,1,1,0,0,1,1,1,1,1,1,0,1,1,1,1,1,0,1,1,1,1,1,0,1,1},
{0,0,0,0,0,0,0,1,0,0,1,1,1,0,1,1,1,0,1,1,1,0,0,1,0,1,1,0,0,1,0,1,1,0,0,1,0,1,0,0,0,0,0,0,0,0,0,0,0,0,0,0,0,0,0,0,0,0,0,0,0,0,0,0,0,0,0,0,0,0,0,1,0,0,0,0,1,0,0,0,0,0,1,0,0,0,0,0,0,0,0,0,0,0,0,0,0,0,1,0}
},

{
{0,0,0,0,0,1,0,0,1,0,1,0,0,1,0,1,0,1,1,0,0,1,0,0,0,0,0,0,1,0,0,1,0,0,1,0,0,0,0,0,0,0,0,1,0,1,0,0,0,0,0,0,0,0,0,1,0,0,0,0,0,1,0,1,0,1,0,0,0,1,0,0,0,0,0,1,0,0,0,0,0,0,1,0,0,0,0,0,1,0,0,0,0,0,0,1,0,1,0,0},
{0,0,1,0,0,1,1,0,1,0,0,1,1,0,0,0,1,1,1,0,0,0,0,1,1,0,0,0,0,0,0,0,1,0,0,0,0,0,0,1,0,0,0,0,0,1,0,1,1,0,0,0,0,1,1,0,1,0,0,0,1,0,0,0,0,0,0,0,1,0,0,1,0,0,0,0,0,0,0,1,0,0,0,0,0,1,0,0,0,0,0,0,1,0,0,1,0,0,0,0},
{0,1,0,0,1,1,0,1,0,0,0,0,0,0,0,0,0,0,0,0,0,0,1,0,0,0,0,0,0,0,0,0,0,0,0,0,0,0,0,0,1,0,0,0,0,0,0,0,0,0,0,0,0,0,1,1,0,0,1,0,1,0,0,0,1,1,0,0,0,1,0,0,0,0,1,1,1,0,1,1,1,0,0,1,1,0,1,1,1,1,1,0,0,0,0,1,1,0,0,0},
{0,1,1,0,1,0,0,1,1,1,0,0,0,1,0,1,1,1,1,1,1,0,1,0,0,1,0,1,1,0,0,0,0,0,0,0,1,0,1,0,1,1,0,0,1,1,0,1,0,0,1,1,1,1,1,1,0,1,1,0,1,1,1,1,1,1,1,1,1,1,1,1,1,1,1,1,1,1,1,1,1,1,1,1,1,1,1,1,1,1,1,0,1,1,1,1,0,1,1,1},
{0,0,1,0,0,0,1,1,1,1,0,1,0,1,1,0,0,1,1,0,1,0,0,1,1,0,0,1,0,0,0,0,0,0,0,1,0,0,0,0,0,0,1,0,1,0,0,1,1,1,0,0,0,0,0,0,0,0,0,0,0,1,0,0,0,0,0,0,0,0,0,0,0,0,0,0,0,0,0,0,0,0,0,0,0,0,0,0,0,0,0,0,0,0,0,0,0,1,0,0},
{1,0,1,1,1,1,0,0,1,1,1,1,0,1,0,1,1,0,1,1,1,1,1,1,1,1,0,1,1,1,1,1,1,1,1,0,0,1,1,0,0,0,1,1,0,0,1,1,1,1,1,0,0,0,1,1,1,1,1,0,1,1,0,1,0,0,0,1,1,0,1,1,1,1,0,0,1,1,1,0,0,0,1,1,0,1,0,1,1,1,1,1,1,1,0,1,1,0,1,1},
{1,1,1,1,1,0,0,1,1,1,1,1,0,0,1,0,0,0,0,0,1,1,0,1,0,0,0,0,0,0,1,0,1,1,0,1,1,0,1,1,0,1,0,0,0,0,1,1,0,0,1,0,1,0,1,1,1,0,1,1,0,1,0,0,1,1,0,1,0,0,0,1,0,1,0,1,1,1,0,1,1,1,0,1,0,1,0,1,1,0,0,1,1,0,0,0,0,1,0,1},
{1,1,0,0,0,0,1,1,0,0,1,1,1,1,1,1,1,1,0,1,1,1,0,1,1,1,1,1,1,0,1,1,1,1,0,1,1,1,1,1,1,1,1,1,1,0,1,0,1,1,0,1,1,0,0,1,0,0,1,0,0,0,0,1,0,0,0,0,1,0,0,0,0,0,0,0,0,0,1,0,0,0,0,0,0,0,0,1,0,1,1,0,0,0,0,1,0,0,1,1},
{1,0,0,1,0,0,0,0,1,1,0,0,1,1,1,0,0,0,1,0,0,0,0,0,1,0,1,1,0,1,0,1,1,0,1,1,0,0,1,0,0,0,1,0,0,1,0,1,0,0,0,0,0,0,0,1,0,0,0,0,0,0,0,0,0,0,0,0,1,0,0,0,0,0,0,0,1,0,0,0,0,0,1,0,0,0,0,0,0,1,0,0,0,0,1,0,0,0,0,0},
{1,0,0,0,1,0,1,1,0,1,1,0,0,0,0,1,1,1,0,1,0,0,1,0,1,1,1,1,0,1,1,0,1,0,1,1,0,0,0,1,0,0,1,1,0,0,0,1,0,0,0,1,0,1,0,0,1,1,1,0,0,1,0,1,0,1,1,0,1,1,0,1,1,0,1,1,0,0,0,1,1,0,0,1,1,1,1,0,0,1,0,1,0,1,0,1,1,0,0,1},
{0,0,0,0,1,0,0,0,0,0,0,0,1,0,1,0,0,0,0,0,1,0,0,0,0,0,0,0,0,0,1,0,0,0,0,0,0,0,0,0,0,0,0,0,0,0,0,0,0,0,1,1,0,1,1,1,0,1,0,1,1,0,0,0,1,0,0,1,1,0,1,1,0,0,1,1,1,0,0,0,0,1,0,1,0,1,0,1,1,1,0,1,0,0,0,0,1,1,1,1},
{0,1,1,0,1,1,0,1,0,1,0,1,1,0,1,0,0,1,1,0,1,1,0,0,1,0,0,0,1,1,1,0,0,1,1,0,1,1,1,1,1,1,0,1,1,0,0,1,1,1,1,1,1,1,1,1,1,1,1,1,1,1,1,0,0,1,1,1,0,1,1,1,0,1,0,1,1,1,1,1,1,1,1,1,1,1,1,1,0,1,0,1,1,1,1,1,0,1,1,1},
{0,0,1,0,0,0,0,1,0,1,0,0,0,0,0,0,0,1,0,0,0,1,0,0,0,0,0,0,0,0,0,0,0,0,0,0,0,1,0,0,0,0,0,0,0,0,0,0,0,0,0,0,0,1,0,1,0,1,1,0,0,1,0,0,0,0,0,0,0,0,0,0,0,0,1,0,1,0,0,0,0,0,0,0,0,0,0,0,0,0,0,1,0,0,0,0,0,0,0,0},
{0,0,0,0,0,0,0,0,0,0,0,0,0,0,0,0,0,0,0,0,0,0,0,0,0,0,0,0,0,1,0,0,0,0,0,0,1,0,0,0,1,0,0,0,0,0,0,1,0,0,1,1,0,1,1,0,0,0,0,0,0,1,0,0,0,0,1,0,1,0,1,0,1,0,0,0,0,0,1,0,1,0,0,0,0,1,1,0,0,1,1,1,0,0,1,0,0,0,1,0},
{1,1,0,0,1,0,0,1,0,0,0,1,0,0,0,0,0,1,1,0,1,0,0,0,0,0,0,1,1,0,0,1,0,1,0,1,1,0,0,1,1,0,1,0,1,0,1,1,1,1,1,0,0,0,0,0,0,0,0,1,0,1,0,1,1,1,1,0,0,1,0,1,1,1,1,1,1,1,0,1,0,0,0,0,0,1,1,1,1,0,1,1,0,0,0,1,0,1,0,1},
{1,1,1,1,1,0,1,1,1,0,0,1,1,1,0,1,1,0,1,1,0,0,1,0,1,0,0,1,1,1,0,1,1,1,1,0,0,1,1,1,1,1,1,1,1,1,1,1,1,0,1,0,1,1,0,1,1,0,0,1,1,1,0,0,1,0,1,0,1,1,0,0,0,1,1,0,1,1,1,0,0,1,0,1,0,0,1,0,0,0,0,1,0,1,1,0,0,0,1,0},
{0,0,0,0,0,0,0,0,1,0,0,0,0,0,1,0,0,0,1,0,0,1,0,0,0,0,1,0,0,0,0,0,0,0,0,1,0,1,1,0,0,0,0,0,0,0,0,0,1,0,1,1,1,1,1,1,1,1,1,1,1,1,1,1,0,1,1,1,1,1,0,1,1,1,1,1,1,1,0,1,1,1,1,1,1,1,1,1,0,1,1,0,1,1,1,1,1,0,1,1},
{0,0,1,1,0,1,0,1,1,1,1,1,1,0,1,1,1,1,1,1,1,0,1,1,1,1,0,0,1,1,1,0,1,1,1,1,1,1,1,1,0,1,1,1,1,1,0,0,1,1,0,1,0,0,1,0,0,0,1,0,1,1,0,0,0,0,0,0,0,0,0,0,0,0,0,0,0,0,0,0,0,0,0,0,0,0,1,0,0,0,1,0,0,0,1,0,0,0,0,0},
{0,0,1,1,1,1,0,0,0,1,0,1,0,1,1,0,0,0,0,0,0,1,0,0,0,1,0,1,0,0,0,1,1,0,0,1,0,0,0,1,0,0,0,1,0,1,0,0,0,1,1,0,1,0,0,1,0,0,0,1,0,1,0,1,1,0,1,0,0,0,0,1,1,0,0,0,0,0,1,0,0,0,0,0,0,0,0,0,0,0,0,0,0,0,0,0,0,1,0,0},
{0,1,0,0,0,0,0,1,0,0,0,0,0,0,0,0,0,0,0,0,0,0,0,0,1,0,0,0,0,1,0,0,1,0,0,0,0,0,0,0,0,0,1,0,0,0,0,0,0,0,1,1,0,1,1,1,1,0,1,1,0,1,1,1,1,1,1,1,1,1,1,1,1,1,1,1,1,1,1,1,1,1,1,1,0,0,1,1,1,1,0,1,0,1,0,1,1,1,1,1},
{1,0,0,0,1,1,1,0,0,0,1,0,0,0,0,1,0,0,1,1,1,1,0,0,1,0,1,1,0,0,0,1,0,1,1,1,1,0,1,1,1,0,0,1,1,1,0,1,1,1,0,1,0,0,1,0,0,0,0,0,0,1,1,0,0,0,1,0,0,0,0,0,0,0,0,0,0,0,0,0,1,0,0,0,0,0,1,0,1,0,0,0,0,1,0,0,0,0,0,0},
{0,0,0,0,0,0,0,1,0,0,1,0,0,1,0,0,0,0,0,0,0,1,0,0,1,0,0,1,0,0,0,0,0,0,0,0,1,0,0,1,0,0,0,1,0,1,0,1,1,0,1,1,0,0,0,1,1,1,1,0,0,0,0,0,0,0,1,1,0,1,0,1,0,0,1,0,1,0,0,0,0,1,0,1,0,0,1,1,0,1,1,0,0,1,1,0,1,1,0,0},
{0,1,1,1,1,0,1,1,1,0,1,1,0,0,1,1,1,1,0,1,1,1,0,1,1,1,0,1,1,0,1,0,1,0,0,1,1,0,0,1,1,1,1,1,1,0,0,0,0,1,0,0,0,0,1,0,0,1,1,0,0,1,1,1,0,0,0,0,1,1,1,0,0,0,1,0,0,0,0,0,0,1,0,0,1,0,0,0,0,0,1,1,1,0,0,0,0,1,1,0},
{0,0,0,0,0,0,0,0,0,0,0,0,0,0,0,0,0,0,0,0,1,0,0,0,0,0,0,1,0,0,0,0,0,0,0,1,0,0,0,0,0,0,0,0,0,1,0,0,0,0,0,1,0,0,1,0,0,0,0,0,1,0,0,0,1,0,1,1,0,1,0,0,0,0,1,0,0,0,0,1,0,1,1,0,0,0,0,0,0,0,0,1,0,0,0,0,0,0,0,0},
{1,1,0,1,0,1,1,0,1,1,0,1,0,1,0,1,0,0,0,1,0,1,1,0,1,1,0,0,1,1,1,1,0,1,1,1,1,1,0,1,1,0,1,1,1,0,1,0,1,0,1,0,1,0,0,0,0,0,1,0,0,0,0,0,0,0,0,0,0,0,0,0,0,0,0,0,0,1,0,1,0,0,0,0,0,1,0,0,0,0,0,0,0,0,0,0,0,0,0,0},
{0,0,0,0,0,0,0,0,0,0,0,0,0,0,0,0,0,0,0,0,0,0,0,0,0,0,0,0,0,0,0,0,0,0,0,1,0,0,0,0,0,0,0,0,0,0,1,0,0,0,0,1,0,0,0,0,0,1,0,1,0,1,0,1,0,0,1,0,1,1,0,0,0,0,0,0,0,1,1,0,1,0,1,0,1,0,0,0,0,0,0,1,1,0,0,0,0,0,1,0},
{0,1,1,0,0,0,1,0,0,1,0,1,0,1,0,0,0,0,0,0,0,1,0,0,0,0,0,0,0,0,1,0,0,0,0,0,0,1,1,0,0,0,0,0,0,0,0,1,1,0,0,0,0,0,0,0,0,0,0,0,0,0,0,0,0,0,1,0,0,0,0,0,0,1,0,0,0,0,0,0,0,0,0,1,0,0,0,0,0,0,0,0,1,0,0,0,0,0,0,0},
{0,0,1,0,0,0,1,0,0,0,0,0,0,0,0,1,0,0,0,0,0,0,0,0,0,0,0,0,0,0,0,0,0,1,0,0,0,0,0,0,0,0,0,0,0,0,0,0,0,0,0,1,0,1,1,1,1,0,0,1,0,1,1,0,0,1,0,1,0,0,1,0,1,0,0,0,0,0,0,0,1,1,1,1,1,0,1,0,1,0,1,0,0,0,0,0,0,1,0,0},
{1,0,1,1,1,0,0,0,1,0,1,1,1,0,1,1,1,1,1,1,1,1,1,0,1,0,0,1,0,1,0,0,0,0,1,0,1,1,1,1,1,1,1,1,1,0,1,0,1,0,0,1,1,1,1,1,1,0,0,1,1,1,1,0,1,1,1,0,1,1,1,1,1,1,1,1,1,1,1,1,0,0,1,1,1,1,1,1,1,0,0,1,0,1,1,0,0,0,1,0},
{1,1,0,0,1,0,0,1,1,0,1,1,0,1,1,1,0,0,0,0,0,0,0,1,0,1,0,1,0,0,0,1,1,0,1,0,1,1,0,0,0,0,1,0,0,0,0,0,1,0,0,0,0,1,0,1,0,0,1,0,1,1,1,0,0,1,1,0,1,0,1,0,0,0,1,0,0,0,0,1,0,0,0,0,1,0,1,1,1,0,0,1,0,1,0,1,1,1,1,0},
{0,0,0,1,0,0,1,0,0,0,0,1,0,0,1,0,1,0,0,0,1,0,1,1,0,0,1,0,0,1,0,1,0,0,0,0,0,1,1,0,0,1,1,0,0,0,0,0,1,0,0,0,0,1,0,1,0,0,0,0,0,0,1,1,0,0,0,0,0,0,0,0,0,0,0,1,1,1,1,0,0,0,0,0,0,0,0,0,0,1,0,0,0,0,0,1,0,0,0,0},
{0,1,1,0,0,0,1,0,0,1,0,1,1,0,0,0,1,0,1,1,0,0,0,0,0,1,0,1,0,1,1,1,0,1,0,1,1,1,1,1,1,1,0,1,0,1,1,1,1,0,1,1,1,1,1,1,1,1,1,1,1,1,1,1,1,1,1,1,1,1,1,1,1,0,1,1,1,1,1,1,0,1,1,1,1,1,1,1,1,1,1,1,1,1,1,1,1,1,1,1},
{1,1,0,0,0,0,0,1,0,0,1,1,0,1,0,0,1,0,0,0,1,0,0,1,0,0,0,1,0,0,0,0,0,1,1,1,0,1,1,0,0,1,0,0,1,0,0,0,0,1,1,0,0,0,1,0,1,1,0,1,0,1,0,0,1,0,1,1,0,0,0,0,1,0,1,1,1,0,1,1,1,0,0,1,0,0,1,0,0,0,0,0,0,0,1,1,1,1,1,1},
{0,0,0,0,0,0,0,0,0,0,1,0,0,0,0,0,0,0,0,0,0,0,0,1,0,0,0,0,0,1,1,1,0,0,1,0,0,0,0,0,1,0,0,0,0,0,0,0,1,0,1,0,1,0,0,0,1,1,0,0,0,0,1,0,0,1,1,1,0,0,0,1,1,1,1,1,1,1,0,1,0,0,1,1,1,1,1,1,1,1,0,0,1,0,1,1,0,1,1,1},
{0,1,1,1,0,1,1,1,0,1,1,1,1,1,1,0,1,0,1,1,1,0,0,1,1,0,1,1,0,1,0,1,1,0,1,1,1,0,1,0,1,0,1,0,0,1,0,1,0,1,0,0,0,0,0,1,0,1,1,0,0,1,0,0,0,0,0,0,0,0,0,1,1,0,1,1,0,0,1,1,1,1,0,1,1,0,1,1,0,0,0,0,1,0,1,0,0,0,1,1},
{1,0,1,1,1,1,1,0,0,1,0,1,0,0,1,1,1,1,1,0,0,1,0,1,0,1,0,1,0,0,1,0,1,0,1,1,1,0,1,1,1,1,0,0,0,1,1,0,1,1,1,1,1,0,0,0,0,1,0,1,0,1,0,0,0,1,0,0,0,0,0,1,1,0,1,0,0,1,0,1,1,0,0,0,1,0,1,1,0,0,0,0,0,0,0,1,0,0,1,0},
{0,0,0,0,0,1,0,0,0,0,1,0,0,0,0,0,1,1,0,0,0,1,0,1,0,1,0,0,0,0,1,1,0,1,0,0,1,0,1,0,0,1,1,0,0,0,1,1,0,0,0,0,0,0,0,0,0,0,0,0,0,0,0,0,0,0,0,0,0,0,0,0,0,0,0,0,0,0,0,1,1,0,1,1,0,0,0,0,0,0,0,0,0,0,0,0,0,0,0,0},
{1,1,1,1,0,1,1,0,0,1,0,0,0,0,0,1,0,1,0,1,1,1,1,1,1,1,0,1,1,1,0,1,0,0,1,1,0,1,0,0,1,0,1,1,0,1,1,1,0,1,0,1,1,0,1,1,1,1,1,1,1,0,1,1,0,0,1,1,1,1,1,1,1,1,0,1,1,0,0,1,1,1,1,1,0,1,1,1,0,1,1,1,1,0,0,1,1,0,1,0},
{0,1,0,1,1,1,0,0,0,1,1,0,0,0,0,1,0,1,1,0,1,0,0,0,0,1,0,0,1,0,0,0,0,0,0,1,0,0,0,0,0,0,0,1,1,1,0,0,0,1,1,0,0,0,1,1,1,0,1,1,1,1,1,1,1,1,0,0,1,0,1,0,0,1,0,1,1,1,0,1,0,1,0,1,1,1,1,1,0,0,1,1,1,0,1,1,0,0,1,1},
{1,0,1,1,0,0,0,1,0,0,1,0,0,0,1,0,1,1,0,0,0,0,0,1,0,0,0,0,1,0,1,0,1,1,0,0,1,0,1,1,0,1,0,0,0,1,0,0,1,0,1,1,1,0,1,1,0,0,0,0,1,0,0,0,0,1,1,1,1,1,0,0,1,0,1,1,0,0,0,0,0,1,1,1,0,1,0,1,0,1,1,1,1,1,0,1,0,1,0,0},
{0,0,0,1,1,1,0,1,0,1,0,0,1,1,1,1,0,1,0,0,1,1,1,0,0,0,0,0,1,1,1,0,0,1,0,0,0,1,1,1,0,1,0,0,0,1,1,1,1,1,1,1,1,1,1,1,1,1,1,1,1,1,1,1,1,1,1,1,1,1,1,1,1,1,1,1,1,1,0,1,1,1,1,1,1,1,1,1,1,0,1,1,1,1,1,1,1,1,1,1},
{1,0,0,0,0,1,0,0,1,0,0,1,1,0,0,1,0,0,0,0,1,1,1,1,0,0,0,0,0,0,0,1,0,1,0,1,1,0,1,1,0,1,0,1,1,0,0,0,1,0,0,1,1,0,1,1,1,1,1,0,1,0,0,0,0,0,1,0,1,1,0,1,1,0,1,0,1,0,1,1,0,1,1,0,0,0,0,0,1,1,1,1,0,0,0,0,1,1,0,1},
{0,1,0,0,1,0,1,1,0,1,1,0,0,0,1,0,0,1,1,1,0,1,1,0,1,1,1,1,1,0,0,1,0,1,0,1,0,1,0,1,1,0,1,0,0,0,1,0,0,1,1,0,1,0,0,0,0,0,0,0,1,1,0,0,1,0,1,0,1,1,0,1,0,0,0,0,0,1,0,1,0,1,0,0,0,1,1,0,1,0,0,0,1,1,1,1,1,0,1,1},
{0,1,1,0,1,0,0,0,1,1,1,1,0,1,0,0,1,1,0,0,0,1,1,1,1,0,0,0,1,0,1,0,0,1,1,1,1,0,1,0,0,1,0,0,1,1,0,0,0,0,1,0,1,0,1,0,1,1,0,0,0,1,1,1,0,1,1,0,1,1,1,0,0,0,0,0,1,1,1,0,1,0,0,1,1,1,0,1,0,0,1,0,1,1,1,1,0,0,0,1},
{0,0,1,1,0,0,0,0,0,0,0,0,0,0,0,0,0,1,0,1,0,0,1,0,0,0,0,1,0,0,0,0,0,0,1,0,1,0,0,0,0,0,0,0,0,0,0,0,0,0,0,1,0,0,1,0,0,1,1,0,0,0,0,0,0,0,0,0,0,0,0,0,0,0,0,1,0,0,0,0,1,0,0,0,0,1,0,1,0,1,1,0,0,0,0,0,1,1,0,0},
{1,0,0,1,0,1,1,1,0,0,0,1,0,1,0,0,0,0,1,1,1,0,1,0,1,0,1,1,1,1,0,0,1,1,1,0,0,0,0,0,0,0,0,1,0,1,0,0,1,0,0,0,0,0,0,0,0,1,1,1,0,1,0,0,1,0,1,1,0,0,0,0,0,0,0,0,0,0,1,1,0,0,0,0,1,0,0,0,0,0,0,0,1,0,0,0,1,0,0,0},
{0,1,0,0,0,0,0,0,1,0,0,1,0,0,0,0,0,0,0,0,0,0,0,0,0,1,1,0,1,0,0,0,0,1,0,1,0,0,0,0,0,0,0,0,0,0,0,0,0,0,0,0,0,0,0,0,1,0,0,1,0,0,1,0,0,1,0,1,0,0,1,0,0,1,1,0,1,1,1,0,0,0,0,0,1,0,1,1,1,0,0,1,0,0,0,0,0,0,0,0},
{0,0,0,1,0,0,0,0,0,0,0,1,1,0,0,0,0,1,0,0,0,0,0,0,0,0,0,0,0,0,0,1,0,0,0,0,0,0,0,0,0,0,0,0,0,0,0,0,0,0,0,1,0,1,0,1,0,0,0,1,0,0,1,0,1,0,0,1,1,1,0,0,1,1,1,0,1,0,1,0,0,0,0,0,0,0,1,0,0,1,0,0,0,1,1,0,1,0,0,0},
{1,1,1,1,1,1,1,1,1,0,1,1,0,1,1,1,0,1,1,1,0,1,1,1,1,0,1,1,1,1,1,1,0,0,1,1,0,1,1,1,0,1,1,1,1,1,1,1,1,0,1,0,0,0,0,0,0,0,1,1,1,0,0,0,0,0,1,1,0,0,1,0,0,0,0,0,0,0,0,0,0,0,0,0,0,0,0,0,0,0,0,0,0,0,1,0,0,0,0,0},
{0,1,1,1,0,0,0,0,0,1,1,1,1,0,0,0,0,0,0,0,0,0,1,0,0,0,1,1,1,0,0,0,1,0,0,1,0,0,0,0,1,0,0,1,0,1,0,1,0,1,1,1,1,1,1,1,1,1,1,1,0,1,1,1,1,1,0,1,1,1,1,0,1,1,0,1,1,0,1,1,1,1,1,1,1,1,1,1,1,1,1,1,1,1,1,1,1,0,0,0}

},

{
{0,0,0,1,1,1,0,0,1,1,1,0,1,1,0,1,0,1,0,1,0,1,1,1,0,1,1,1,0,1,0,0,0,1,0,0,1,1,0,1,0,1,1,1,0,1,0,1,0,0,0,0,1,0,0,0,0,0,1,0,0,0,1,1,1,0,1,0,0,0,0,0,0,0,0,0,0,0,0,0,0,0,0,0,0,0,0,0,0,0,0,0,0,1,0,0,0,1,0,0},
{0,0,1,1,0,0,0,0,0,1,0,0,1,1,0,1,0,0,1,1,1,0,1,0,0,1,1,1,0,1,0,0,1,1,1,1,1,0,1,1,0,0,1,1,0,0,0,1,1,1,0,0,0,0,0,0,0,0,1,0,0,0,0,0,0,0,0,0,0,0,0,0,0,0,0,0,0,0,0,0,0,0,0,0,1,0,0,0,0,0,0,0,0,0,0,0,0,0,0,0},
{0,0,0,0,0,1,0,0,1,0,1,0,0,1,1,1,0,1,1,0,0,1,0,0,1,0,1,1,0,0,1,1,1,1,0,1,1,0,0,1,0,0,1,0,0,1,0,1,0,0,0,0,0,0,0,1,1,0,1,0,0,0,0,0,0,0,1,0,0,1,0,1,1,0,0,1,1,1,1,0,0,0,1,1,0,1,0,0,0,0,0,0,0,0,0,0,0,0,0,1},
{1,0,0,1,1,1,1,1,1,0,0,0,1,0,0,1,0,1,1,1,0,1,0,1,1,0,1,1,1,1,1,1,1,1,0,1,0,0,0,1,0,0,0,1,0,1,1,1,1,1,1,0,0,0,1,0,1,1,0,0,0,1,0,0,0,0,1,1,0,1,1,0,1,0,0,1,1,0,0,0,1,0,0,1,0,0,0,1,0,1,0,0,1,0,0,0,0,0,1,0},
{0,1,1,1,1,1,0,0,0,1,0,0,0,0,0,1,0,1,0,0,1,1,1,0,1,1,0,1,1,0,1,1,1,0,0,1,0,0,1,1,1,1,1,0,0,1,1,1,0,1,1,0,0,0,0,0,0,0,0,0,0,0,0,0,0,0,1,0,0,0,0,1,0,0,0,0,0,1,0,0,0,0,0,0,1,0,0,0,0,0,0,0,0,0,0,1,1,0,1,0},
{1,0,0,1,1,1,1,1,1,1,1,1,0,0,1,1,0,1,0,1,1,1,1,1,0,1,1,1,1,1,0,1,0,1,1,1,0,0,0,1,0,1,1,0,0,1,1,1,1,0,1,0,1,0,0,0,1,1,1,1,0,0,0,0,1,0,1,0,0,1,0,0,0,0,1,0,0,0,1,0,0,0,1,1,0,0,0,1,0,1,1,0,0,0,0,1,1,1,0,1},
{0,0,1,1,1,1,1,1,1,0,0,0,0,0,0,0,0,0,0,0,0,0,0,0,0,1,1,0,0,1,0,1,1,1,0,1,1,0,0,0,0,0,1,0,0,1,0,0,0,1,0,0,0,0,1,0,0,1,0,0,0,0,0,0,0,0,0,0,0,0,0,0,0,0,0,0,0,0,0,0,0,0,0,0,0,0,0,0,0,0,0,0,0,0,0,0,0,0,0,0},
{0,0,1,0,0,0,0,1,1,0,0,0,1,1,0,0,0,0,1,0,1,0,1,0,1,1,0,0,0,1,0,1,0,0,0,0,0,1,0,0,1,1,0,0,0,0,0,0,1,0,0,0,0,0,0,0,0,0,0,0,0,0,0,0,0,0,0,0,0,0,1,0,0,0,1,0,0,0,0,0,0,0,0,0,0,0,0,0,0,0,0,0,0,0,0,0,0,0,0,0},
{0,0,0,1,0,1,1,0,0,0,0,1,0,1,1,1,1,0,1,0,0,0,1,0,1,1,1,1,1,0,0,0,0,1,1,1,0,0,1,0,1,1,0,0,0,1,0,1,0,1,0,0,0,0,0,0,0,0,0,0,0,0,0,0,0,0,0,0,0,0,0,1,0,0,0,0,0,0,0,0,0,0,0,0,0,0,1,0,0,0,0,0,0,0,0,0,0,0,0,0},
{1,0,0,0,0,1,1,1,0,1,1,1,1,0,0,1,1,0,0,0,0,0,1,0,0,0,0,1,1,1,0,0,0,0,0,0,0,0,0,0,1,0,1,1,1,0,0,0,0,0,0,0,0,0,0,0,0,0,0,0,0,0,0,0,0,0,0,1,0,0,0,0,0,0,0,0,0,0,0,0,0,0,0,0,0,0,1,0,0,0,0,0,0,0,0,0,0,0,1,0},
{1,1,1,1,0,1,1,1,1,1,1,0,1,1,1,1,1,1,1,1,1,1,1,0,1,1,1,1,0,1,1,1,1,1,0,1,1,1,1,1,1,1,1,1,1,1,1,1,1,0,0,0,0,0,0,0,0,0,0,0,0,1,0,1,0,0,0,0,1,0,0,0,0,0,0,0,0,0,0,0,0,0,1,0,0,0,0,0,0,1,0,0,0,0,0,1,0,0,0,0},
{0,0,0,0,1,0,1,0,1,1,0,0,0,0,0,0,1,1,1,0,1,1,1,0,1,0,1,0,1,0,0,0,1,1,0,0,0,1,1,0,1,0,1,1,0,0,1,0,0,1,0,1,0,1,0,0,1,1,1,1,0,1,1,1,0,1,1,1,0,1,0,1,1,1,0,1,0,0,1,1,1,1,0,1,1,1,0,1,0,1,1,0,0,1,0,1,0,1,1,1},
{1,0,0,0,1,1,0,1,0,0,1,1,0,0,0,0,1,0,0,1,1,0,0,0,0,1,0,0,0,0,0,0,1,0,1,0,0,0,1,0,1,0,0,0,1,0,1,0,0,0,0,0,0,0,0,0,0,0,0,0,0,0,0,0,0,0,0,0,0,0,0,0,1,0,0,0,0,0,0,0,0,0,0,0,1,0,0,0,0,0,0,0,0,0,0,0,0,1,0,1},
{1,0,0,1,0,0,0,0,0,1,0,0,0,0,0,0,0,0,1,0,0,0,0,0,0,0,0,0,1,0,0,0,0,0,0,0,0,0,1,0,1,0,0,0,0,0,0,1,0,1,0,1,1,1,0,1,0,0,0,1,0,0,0,1,1,1,1,0,0,1,1,0,1,1,1,1,1,1,1,1,0,1,1,1,1,1,1,1,1,1,1,0,1,1,1,1,1,1,1,1},
{1,0,0,0,0,0,0,0,0,0,0,0,0,0,0,0,0,0,0,0,0,0,0,0,0,1,0,0,0,0,0,0,0,0,0,0,0,0,0,0,0,0,0,0,0,0,0,0,0,0,0,1,0,0,1,0,0,1,0,1,1,0,0,1,0,1,1,0,0,0,0,0,1,1,0,0,0,0,0,1,0,0,0,0,0,0,0,0,0,1,0,1,0,0,0,1,0,1,1,0},
{0,1,0,1,0,1,0,1,1,1,1,1,0,1,1,0,1,0,1,0,1,0,0,0,0,1,0,1,0,1,0,1,1,0,1,0,1,1,0,1,0,0,1,0,1,1,0,1,0,0,0,0,0,0,1,0,0,1,0,1,0,1,1,0,0,1,0,0,0,0,1,0,0,1,0,1,1,0,0,1,0,0,0,1,0,0,0,0,1,0,1,0,0,0,1,1,0,1,1,1},
{0,0,0,0,1,1,1,0,0,1,0,0,1,1,0,1,0,1,1,0,0,0,0,0,0,0,0,1,1,0,0,0,0,0,0,1,0,0,0,1,0,0,1,0,0,0,1,0,0,1,1,1,1,1,0,1,1,1,1,1,1,1,1,1,1,1,1,1,0,1,1,1,1,1,1,1,1,1,1,1,1,1,1,1,1,1,1,1,1,1,1,1,1,1,1,1,1,1,1,1},
{0,1,0,0,1,1,0,0,0,1,1,1,1,1,1,1,0,0,1,1,1,1,1,1,1,0,0,1,1,1,1,0,1,1,1,0,0,1,0,1,0,0,1,1,0,0,1,1,1,1,0,1,1,1,0,1,1,1,1,1,1,0,1,1,0,1,1,0,0,1,0,0,0,1,0,1,1,1,1,0,1,1,1,1,1,0,0,0,1,1,0,0,1,1,0,0,0,1,1,1},
{0,1,1,0,1,1,1,0,1,1,0,1,0,1,1,0,0,0,1,0,1,0,1,1,1,0,1,0,0,1,1,1,1,1,1,1,0,0,1,1,1,1,1,1,1,1,0,0,0,0,1,0,0,0,0,0,1,0,0,1,0,1,0,0,1,1,0,1,0,0,0,1,1,1,1,1,0,0,0,0,0,0,0,1,0,0,1,1,0,0,0,0,1,0,1,0,0,0,0,1},
{0,0,0,0,1,1,1,0,1,0,1,0,1,0,1,0,0,0,0,0,0,0,1,0,0,1,1,1,0,1,0,0,1,1,0,0,0,0,1,1,0,1,1,1,0,0,0,1,0,0,0,0,0,0,0,0,0,0,0,0,0,0,0,0,0,0,0,0,0,0,0,0,0,1,0,1,0,0,0,0,0,0,0,0,0,0,0,0,0,0,0,0,0,0,0,0,0,0,0,0},
{0,1,0,1,1,1,1,1,1,0,0,1,1,1,1,0,0,1,0,0,0,1,0,0,1,1,0,1,1,1,0,1,0,1,0,1,1,1,0,1,1,1,0,0,0,0,1,1,1,1,1,1,1,0,1,1,1,1,1,1,1,1,1,1,1,1,1,1,1,1,1,1,1,1,1,1,1,1,1,1,1,0,1,1,1,1,1,1,1,0,1,1,1,0,1,1,1,1,1,1},
{0,0,0,0,0,0,0,0,1,0,0,0,0,0,1,0,0,0,0,0,0,0,0,0,0,0,0,0,0,0,0,0,0,0,1,0,0,0,0,0,0,0,0,0,0,1,0,0,0,0,0,1,0,1,1,1,1,1,0,1,1,0,1,1,1,1,1,1,0,1,0,1,0,1,1,1,1,0,1,0,1,0,1,1,0,1,0,0,0,0,0,0,1,0,1,1,1,1,1,1},
{0,1,0,0,0,1,1,1,0,0,0,1,1,0,0,0,1,0,0,1,0,0,1,0,0,0,1,1,0,0,0,0,0,0,0,0,1,0,0,0,0,1,0,1,0,0,1,0,1,0,1,0,0,0,1,0,0,1,0,0,0,0,0,0,0,0,1,0,0,0,1,0,1,1,0,0,1,1,0,0,0,0,0,0,0,0,1,0,0,1,0,0,0,0,0,0,0,1,0,0},
{1,1,1,1,0,1,1,1,1,1,0,1,0,1,1,1,1,0,1,0,1,0,0,1,0,0,0,1,1,1,1,0,1,1,0,1,1,0,1,0,1,1,1,1,1,0,0,1,1,1,0,0,0,0,0,0,0,0,0,0,0,0,0,0,0,0,0,0,0,0,0,0,0,1,0,0,0,0,0,0,0,0,0,0,0,0,0,0,0,0,0,0,0,0,0,0,1,0,0,0},
{0,0,0,1,1,0,1,1,1,0,0,0,0,1,0,0,0,0,0,0,1,1,1,1,0,1,0,0,0,1,0,1,0,1,0,0,0,1,0,0,0,1,0,0,1,0,0,0,1,1,1,0,0,0,1,1,1,0,1,1,1,1,1,0,1,1,1,1,0,1,1,0,0,1,1,0,0,0,1,0,0,1,1,0,0,0,0,0,1,0,1,0,0,1,0,1,1,1,0,0},
{0,0,0,0,0,1,0,1,0,0,1,0,0,1,0,0,1,0,1,0,0,1,0,0,1,1,0,1,0,1,0,0,0,0,1,0,1,1,0,0,0,0,0,1,0,0,0,0,0,0,1,0,0,0,1,0,0,0,0,0,1,0,0,0,0,0,0,0,1,1,1,1,0,0,0,0,0,0,1,0,1,1,1,0,0,1,0,1,0,0,1,0,0,0,1,0,1,1,0,0},
{1,1,0,1,0,1,0,1,1,0,1,0,1,1,1,1,1,0,1,0,0,0,1,1,0,0,0,1,1,1,1,1,0,1,1,1,1,1,0,1,0,1,1,0,1,1,0,0,1,0,0,0,1,0,1,0,0,0,1,1,0,0,1,0,0,1,0,1,0,0,0,0,0,0,1,1,0,0,0,1,0,1,0,1,0,0,0,1,1,1,0,1,0,0,1,0,0,1,0,0},
{1,1,1,1,1,0,0,1,0,1,1,1,1,1,0,1,1,1,1,0,1,1,1,0,1,1,1,1,1,1,1,0,0,1,1,1,0,0,1,1,1,1,1,1,1,1,1,1,1,0,0,0,0,0,0,1,0,1,0,1,0,1,0,0,0,0,0,1,0,0,1,1,0,0,1,0,1,0,0,0,0,0,0,1,0,0,1,0,1,1,0,0,0,1,0,0,1,1,0,0},
{0,1,1,0,1,0,1,0,1,0,0,0,0,1,0,1,0,0,0,1,0,1,0,1,0,0,1,1,0,0,0,0,0,0,0,0,0,0,1,0,0,1,1,0,1,1,0,0,1,0,0,0,0,1,0,0,0,0,0,0,0,0,0,0,0,0,0,0,0,0,0,0,0,0,0,0,1,0,0,0,0,0,0,0,1,0,0,0,0,0,0,0,0,0,1,0,0,0,0,0},
{0,1,0,0,1,1,0,0,1,0,0,1,0,1,1,1,0,0,1,0,0,1,0,0,0,0,0,0,0,0,1,1,1,0,0,1,1,0,0,1,1,0,1,1,0,1,0,0,1,1,1,1,1,1,1,1,1,0,1,1,1,1,1,1,1,1,1,1,1,1,1,1,1,1,0,1,1,1,1,1,1,1,0,1,1,1,1,1,1,1,0,1,1,1,1,1,1,1,1,0},
{0,0,0,1,0,1,0,0,0,0,1,0,0,0,0,1,0,0,0,0,0,0,0,0,1,0,0,0,0,0,0,0,0,0,0,0,0,0,0,0,0,0,0,0,0,0,0,0,0,0,0,1,1,0,0,1,1,0,1,1,0,1,1,1,1,0,0,0,0,0,0,1,1,0,0,0,1,1,1,1,1,0,1,1,0,0,0,1,1,0,1,0,1,1,0,0,1,1,0,1},
{0,0,0,0,1,0,0,1,0,1,0,0,0,1,0,0,0,1,0,0,1,1,0,1,0,0,1,0,1,0,0,0,1,0,0,0,0,0,1,1,1,1,0,1,0,0,0,0,0,0,1,0,0,0,0,0,0,1,0,1,0,0,0,0,1,0,1,0,1,0,0,1,1,0,0,0,0,0,0,0,0,0,0,0,0,0,0,1,0,0,0,0,0,1,0,0,0,0,0,0},
{1,1,1,1,1,1,0,0,1,1,1,0,1,0,1,0,1,1,1,1,1,1,1,1,1,0,0,1,0,1,0,1,1,1,1,1,0,0,1,0,1,0,1,1,0,1,1,0,1,1,0,1,0,0,0,0,0,0,0,1,0,0,0,0,0,0,1,0,0,0,0,0,0,0,0,1,0,0,0,0,0,0,0,0,0,0,0,0,0,0,0,0,0,0,0,0,0,1,1,0},
{0,0,0,0,0,0,0,1,0,0,0,0,0,0,1,0,0,0,1,1,0,1,0,0,0,0,0,0,0,0,0,1,0,0,0,0,1,0,0,0,0,0,0,0,0,0,1,0,0,0,0,0,1,1,1,1,0,0,1,1,1,1,1,1,0,1,0,1,1,1,1,1,0,1,1,1,1,0,0,1,0,0,0,0,0,1,1,1,0,0,1,0,0,1,0,1,1,0,1,1},
{0,0,1,0,0,0,0,1,0,1,0,0,0,1,0,0,0,0,0,0,1,0,0,0,0,0,0,0,1,0,1,0,0,1,0,0,0,0,1,0,0,1,0,0,0,0,0,0,0,0,0,0,0,0,1,0,0,1,1,0,1,0,0,0,0,0,0,0,1,0,0,0,1,0,0,1,0,0,1,0,0,1,0,0,0,0,0,1,0,1,0,0,0,0,0,0,0,1,0,0},
{0,1,0,0,1,0,0,0,0,1,0,1,0,1,0,0,1,0,1,0,0,1,1,1,1,0,0,0,0,0,0,0,0,1,1,1,0,1,1,1,1,1,0,0,1,0,0,1,1,0,0,1,1,1,1,1,1,0,1,0,1,1,1,1,0,0,0,1,0,0,1,1,0,1,1,0,1,1,1,1,0,1,0,1,1,0,0,0,0,0,1,0,1,1,0,0,0,0,0,0},
{0,1,1,0,1,1,1,0,0,1,1,0,0,0,1,1,1,1,1,1,0,1,0,1,1,0,0,1,0,1,0,1,1,1,1,1,0,1,1,1,0,1,1,1,1,0,0,1,1,0,1,0,1,1,0,1,1,0,0,1,1,1,0,1,1,0,1,1,1,0,1,1,0,1,1,1,0,1,1,1,1,1,0,0,1,1,0,0,1,0,0,1,1,1,1,0,1,1,1,1},
{0,0,0,0,1,0,0,0,0,0,0,0,0,0,0,0,0,0,1,0,1,0,0,0,0,0,0,0,0,0,0,0,0,0,0,0,0,0,0,1,0,0,0,1,0,0,1,0,0,0,1,1,0,1,1,0,1,1,1,1,1,1,1,1,1,1,1,1,1,1,1,1,0,1,1,1,1,1,0,0,1,1,1,1,1,1,1,1,1,1,1,1,1,1,1,1,1,1,0,1},
{1,0,0,0,0,0,1,0,0,0,0,0,1,0,1,0,1,1,1,0,0,0,1,0,0,0,1,0,1,1,1,0,0,0,1,1,1,1,0,0,0,1,0,1,1,1,1,0,1,0,0,0,0,0,0,1,0,1,0,0,0,0,0,0,0,0,1,0,0,0,0,1,0,0,0,1,0,1,0,0,1,0,0,0,1,0,0,0,0,0,0,0,1,1,0,0,0,0,0,0},
{0,0,0,0,0,0,0,1,0,0,0,0,0,0,0,0,0,1,0,0,1,0,1,0,0,0,1,0,0,0,0,0,1,0,1,0,0,0,0,0,0,0,0,0,0,0,1,0,0,0,1,1,0,0,1,1,1,0,0,0,1,1,1,1,0,1,0,0,0,1,1,1,0,0,1,1,1,1,1,1,0,0,1,0,1,0,0,1,1,1,0,0,0,1,1,1,0,1,1,1},
{1,0,0,0,0,1,1,1,0,1,0,1,0,1,0,1,0,0,1,0,1,0,0,0,1,0,0,1,0,0,0,0,0,0,0,0,1,1,0,0,0,1,0,1,1,0,1,0,1,0,1,1,0,0,1,0,1,1,1,1,1,0,0,0,0,0,1,0,1,1,1,0,1,1,0,1,1,0,0,0,0,1,1,0,0,0,1,1,0,1,1,0,1,1,1,0,1,0,0,0},
{1,0,1,0,1,1,1,1,0,0,1,0,1,0,0,1,1,1,0,1,0,1,1,0,1,1,1,1,1,1,1,0,1,1,0,1,1,1,0,1,0,1,0,0,1,1,1,0,0,1,0,1,0,1,0,0,0,0,0,0,0,0,0,0,0,0,0,0,1,0,0,1,0,0,1,0,1,0,0,0,0,0,0,0,1,0,0,1,0,0,0,0,0,0,0,0,0,0,0,0},
{1,1,0,0,0,1,1,1,1,1,1,1,1,1,1,1,1,1,0,1,1,1,1,1,0,1,1,0,1,0,1,1,1,1,1,1,1,1,1,1,1,1,1,1,1,1,0,1,1,1,0,1,0,0,0,1,0,0,0,1,0,0,0,0,0,0,0,0,0,0,0,1,0,0,0,0,0,0,0,0,0,0,0,0,0,0,0,0,0,1,0,0,0,0,0,0,1,0,0,0},
{0,0,0,1,0,0,1,1,1,0,0,0,0,0,1,0,1,0,0,1,1,0,0,0,0,1,1,1,1,1,0,0,1,0,0,1,0,1,1,0,0,0,0,1,0,1,0,0,1,0,0,0,1,0,0,1,0,0,1,0,0,0,0,0,0,0,0,0,1,0,1,0,0,0,1,1,0,0,1,0,0,0,1,0,0,1,0,0,0,1,0,1,0,0,0,0,0,0,0,0},
{1,0,0,0,0,0,0,0,0,0,0,0,0,0,0,0,0,1,1,1,0,0,0,0,1,0,0,1,0,0,0,0,0,0,0,1,1,1,1,1,0,0,0,0,0,1,0,0,1,0,0,0,1,1,1,0,0,0,0,1,0,1,1,0,0,1,0,1,1,1,1,1,0,0,0,0,0,0,1,0,0,1,0,0,1,1,0,1,0,0,0,0,0,0,0,1,0,0,0,1},
{1,1,0,0,1,0,1,1,0,0,1,1,0,1,1,0,0,1,0,0,1,1,1,1,1,1,0,1,1,1,1,0,0,0,1,1,1,1,1,0,1,0,1,0,1,1,1,1,0,0,1,0,0,0,1,1,0,0,0,0,0,0,0,1,1,0,1,0,0,0,0,0,0,0,0,0,1,0,0,0,0,0,1,0,0,1,0,0,0,0,0,0,0,1,1,0,1,1,0,0},
{1,0,0,0,0,1,1,0,1,1,1,0,0,0,0,1,0,0,0,0,0,0,1,0,0,0,0,0,0,1,1,1,0,0,0,0,0,0,1,1,0,0,0,1,1,0,0,0,0,1,0,1,1,1,1,1,1,1,1,0,1,0,1,1,0,0,1,1,1,0,1,1,1,1,1,1,0,0,0,1,1,1,0,1,1,1,1,0,1,1,1,1,1,1,1,1,0,1,0,0},
{1,1,1,0,1,1,0,1,1,1,1,1,0,1,0,1,1,1,1,0,0,1,0,1,1,0,1,1,0,1,1,1,1,1,1,0,1,1,1,1,1,0,0,1,1,0,0,1,1,1,0,0,1,1,0,1,0,0,0,0,0,0,0,0,0,1,0,1,0,1,0,0,1,0,0,0,0,0,1,0,1,0,0,0,1,0,0,0,1,1,1,1,0,1,1,1,1,1,0,1},
{1,1,1,1,1,1,0,0,1,0,0,1,1,0,1,1,1,1,0,1,1,1,0,0,0,1,1,1,0,1,1,0,1,0,1,0,0,1,0,1,0,0,1,1,1,1,1,0,1,0,1,0,1,1,1,1,1,1,1,1,1,1,1,1,1,1,0,1,0,0,0,1,1,1,1,1,1,1,1,1,1,1,1,1,1,1,1,0,1,1,1,1,1,0,0,0,1,0,1,1},
{1,0,0,0,0,1,1,0,0,0,0,0,0,0,1,0,0,1,0,0,1,0,0,0,0,0,0,0,0,0,0,0,1,0,0,0,1,1,1,0,0,0,0,0,0,0,0,0,0,0,0,0,0,0,0,1,0,0,0,1,0,1,0,0,1,0,0,1,0,1,0,0,0,1,1,0,0,1,0,0,0,0,0,0,0,1,0,1,1,1,0,1,1,1,1,1,1,0,1,0}

}

};